# Index   ID                               RA                   DEC                    x0           y0           a            b           eps                   pa           mag                  magerr        
  1       frame-r-000756-6-0274.fits.bz2   156.8731080071098    1.246542273970933      1863.3224    905.7564     21.660046    7.9132247   0.6346626087497691    -21.4201     16.94093747723116    0.0021500075  
  2       frame-r-000756-4-0187.fits.bz2   143.80975436288054   0.4091418624998245     1876.2       538.1263     10.215585    8.8197775   0.13663510215029295   13.048746    16.041717070508085   6.4761745E-4  
  3       frame-r-000756-6-0555.fits.bz2   198.84866989494645   1.143837097368274      927.67267    118.47842    18.592434    3.3965828   0.8173137094368602    43.30304     17.950309393506792   0.004359438   
  4       frame-r-000756-3-0204.fits.bz2   146.35577812419095   -0.1433835051096906    669.33685    557.1217     5.7912545    3.069492    0.4699780505242862    -78.4419     16.96591709274846    0.0014874906  
  5       frame-r-001035-3-0061.fits.bz2   14.779428258656704   14.523218394422885     1405.9883    439.34998    11.446227    10.178748   0.11073334470826057   42.721348    18.566778416539254   0.007817463   
  6       frame-r-001035-3-0069.fits.bz2   16.07934913328597    14.50352941976057      1764.8186    988.9242     8.804039     5.9520526   0.3239406822255103    45.37351     18.64686697108162    0.00806486    
  7       frame-r-001045-1-0157.fits.bz2   57.72967972422287    -7.060630160357489     889.27954    721.1835     17.33547     16.114307   0.07044302808057701   -73.679115   17.323218203526086   0.0032122678  
  8       frame-r-001045-2-0159.fits.bz2   57.981132797458756   -6.629478815632617     640.6749     790.75586    9.522606     3.8489716   0.5958069041184735    -85.18997    18.069098560217935   0.004917225   
  9       frame-r-001045-5-0133.fits.bz2   53.9428418830073     -5.8796412651309495    870.34827    936.62085    8.702625     5.6692095   0.34856327832119616   24.236498    19.034803855537376   0.012499401   
  10      frame-r-001239-4-0082.fits.bz2   132.57554378784937   0.05930172715608577    604.5119     88.730484    10.698797    4.4070754   0.58807748198232      66.16098     19.074553348235916   0.008728454   
  11      frame-r-001331-3-0153.fits.bz2   126.43580882071555   47.78428147112508      1468.5178    1048.6984    11.249358    4.60163     0.5909428786958332    5.663007     17.856148718551147   0.0036917066  
  12      frame-r-001331-6-0129.fits.bz2   121.76275477413473   45.67642977401491      1376.5792    760.7101     8.111524     7.714348    0.04896441161981391   -10.86746    18.13206701120853    0.0044100345  
  13      frame-r-001339-4-0063.fits.bz2   259.0999875924403    57.422690977401565     612.49225    734.97076    13.61509     10.631158   0.21916358981101125   -17.042513   16.75970447606208    0.0013727254  
  14      frame-r-001345-3-0183.fits.bz2   135.05691662514937   53.91798795537258      975.75806    808.9443     12.790783    6.7569146   0.4717356552761469    73.79863     16.111189721529435   7.2924607E-4  
  15      frame-r-001350-6-0203.fits.bz2   133.37084799425278   57.59863672537126      659.4112     1218.2113    10.329369    3.5660055   0.6547702478244315    -65.17072    17.838524630542587   0.004420294   
  16      frame-r-001402-6-0097.fits.bz2   118.68974703474824   46.22022149640636      634.4155     1381.9045    15.67439     13.988185   0.1075770731747775    54.621       19.02266381957437    0.011460729   
  17      frame-r-001402-5-0038.fits.bz2   112.93348551364184   38.33651673092494      1724.01      312.84128    12.27194     9.712272    0.20857892069224593   10.4095545   18.61442769202724    0.007245367   
  18      frame-r-001402-2-0105.fits.bz2   121.56641529097756   46.28867966738813      1110.3219    932.48       12.491355    2.4142094   0.806729582179035     -25.477236   18.82295205306146    0.009665784   
  19      frame-r-001462-5-0124.fits.bz2   143.9994279212737    2.462828587149343      1479.2407    1394.2495    8.550609     3.7069366   0.5664710431736499    -63.543877   16.852702022182516   0.0017837032  
  20      frame-r-001478-2-0081.fits.bz2   220.18063305972248   3.374021083387333      1192.3105    1132.2089    10.718097    4.995064    0.5339598064843041    15.429619    15.475218353278084   5.0634245E-4  
  21      frame-r-001478-3-0084.fits.bz2   220.57505405037125   3.7256088148340876     750.80536    461.20593    10.032322    6.9578295   0.3064587141441434    86.105064    17.622043825099      0.0031157308  
  22      frame-r-001729-5-0405.fits.bz2   48.670527715650245   -6.776233519797192     704.1337     407.0774     15.214701    5.55722     0.6347466834872404    13.682524    16.627817391610574   0.0014376622  
  23      frame-r-001729-1-0491.fits.bz2   61.848015107759565   -6.68640367339617      920.8213     1370.5778    7.972356     4.512629    0.433965442586859     -59.781013   18.487111411694396   0.007642399   
  24      frame-r-001737-5-0031.fits.bz2   311.9385774858686    -5.420994391565728     1938.2477    242.96948    9.315821     3.8474517   0.5869981078425616    39.862076    17.439839944939866   0.0018844038  
  25      frame-r-001737-1-0045.fits.bz2   313.9024544421064    -7.42814100063355      1552.9843    1259.7898    7.6752014    4.575019    0.40392196092730537   23.403591    17.60746707327996    0.0027978406  
  26      frame-r-001739-2-0234.fits.bz2   349.48486816467084   13.89779487983143      547.28906    882.25366    15.136653    7.681468    0.49252532908034563   -8.788967    16.35641923658434    9.150234E-4   
  27      frame-r-001739-1-0125.fits.bz2   332.79872323687465   11.800736215708186     842.908      175.27107    10.093143    6.3072863   0.37509195104042414   44.939175    16.526482880536467   0.001116163   
  28      frame-r-001739-6-0306.fits.bz2   0.4738216784663961   16.137742762361746     1284.2606    187.27461    11.848399    3.1513486   0.7340274749356432    37.141396    18.601650694563247   0.008239839   
  29      frame-r-001739-5-0167.fits.bz2   339.09921248305335   14.301693195220707     1131.5461    1224.4581    9.852551     4.179063    0.5758394957813464    49.032223    18.61394615798073    0.007046911   
  30      frame-r-001739-5-0247.fits.bz2   351.3822133262466    15.370090097874355     1374.4211    715.816      12.716331    2.5571065   0.7989116121623446    32.88373     18.851822712304205   0.009119135   
  31      frame-r-001862-4-0114.fits.bz2   43.29705561027105    -7.532473182210951     1303.6287    829.9501     7.4652305    5.9716816   0.20006735224049677   -15.412123   18.041877227340287   0.004998376   
  32      frame-r-001889-5-0050.fits.bz2   114.19018017792617   33.12271402643725      477.27448    1258.896     16.061268    7.55656     0.5295165985649452    -23.218317   18.125000894201644   0.0044269804  
  33      frame-r-001904-4-0217.fits.bz2   10.317255471915125   15.21716420954185      679.7691     742.789      15.777349    4.5458875   0.7118725395502121    -77.71842    17.324110564368116   0.002423781   
  34      frame-r-001904-5-0343.fits.bz2   29.861462747622227   14.49161591952646      1803.7493    994.8691     10.630412    4.473732    0.5791572330404504    -73.64405    17.50419754929541    0.0029284137  
  35      frame-r-002137-2-0146.fits.bz2   122.52737668216645   38.01707440935653      1957.9658    1168.3162    12.23034     9.853778    0.19431692005291756   3.8579123    16.25018216739871    9.255949E-4   
  36      frame-r-002141-2-0074.fits.bz2   153.66497931695525   -0.8307386375906904    154.27066    663.4163     20.92277     18.036064   0.13796959006861909   -39.164837   16.710946536038804   0.0018609341  
  37      frame-r-002190-2-0257.fits.bz2   220.45656123697793   3.443784012049646      76.82359     435.37543    8.992743     6.5502977   0.27160181270608985   -8.937664    16.483443766670696   0.0010143733  
  38      frame-r-002247-3-0062.fits.bz2   169.99240358739706   4.4256007150047445     227.32552    267.59296    7.974669     6.317832    0.20776247891918764   -15.217441   19.09368286345344    0.004378038   
  39      frame-r-002299-6-0301.fits.bz2   244.40146699910903   46.08222541677093      623.47394    176.30806    7.780765     6.067217    0.22022873072249316   -67.57074    16.31906250583151    9.629718E-4   
  40      frame-r-002299-2-0328.fits.bz2   246.2309235363474    41.900249843756434     873.2347     353.26202    11.716848    5.970421    0.49044137126298815   81.74967     17.94210911351331    0.0037685742  
  41      frame-r-002328-5-0059.fits.bz2   250.3130160552452    39.75219790612291      1680.9453    864.4725     21.674154    6.9373946   0.6799231656285177    -89.20304    17.22151037558127    0.0017464432  
  42      frame-r-002328-6-0115.fits.bz2   256.4620536004983    32.9754204307752       102.66759    884.77856    10.889484    8.369416    0.23142216839659258   35.97505     16.360218741838256   7.3644135E-4  
  43      frame-r-002328-3-0042.fits.bz2   247.24526893020925   41.25529134146813      713.1297     282.85263    11.145586    6.1799183   0.44552773627156084   -47.274403   17.693714619294912   0.0026016296  
  44      frame-r-002335-5-0038.fits.bz2   252.99684555581214   40.2713079050876       1682.0979    745.66296    16.916698    6.9220705   0.5908143244030247    65.69546     18.01029298112128    0.0032536478  
  45      frame-r-002335-6-0055.fits.bz2   255.10135713397196   38.35162043058468      1105.6002    268.3265     7.28828      4.2258043   0.42019182852469994   8.070041     17.07261632660181    0.0013116605  
  46      frame-r-002335-5-0078.fits.bz2   256.94457018891853   35.134196145296166     1368.1199    955.5222     8.967252     5.630949    0.37205411423700374   -71.02661    18.834903708776395   0.0060489634  
  47      frame-r-002507-6-0230.fits.bz2   351.59365724496126   15.676294111849426     1692.5289    150.26637    16.352926    7.403054    0.5472948388563612    -68.59668    18.568936156642472   0.006626956   
  48      frame-r-002566-3-0210.fits.bz2   344.7597084465846    13.813505789362932     1203.2096    235.66864    10.420821    8.340779    0.19960442656101673   61.255325    17.129127522747314   0.0019174005  
  49      frame-r-002583-6-0053.fits.bz2   310.8828078908005    0.9633372792166646     1193.8188    435.52924    6.5766215    2.857511    0.5655047200146762    -11.288962   16.811077135781936   0.0011914006  
  50      frame-r-002700-5-0069.fits.bz2   30.474691893223664   0.7211916148889516     917.0232     840.7233     6.743434     3.3901637   0.497264494618024     43.162457    17.118063053592305   0.0016801844  
  51      frame-r-002700-5-0064.fits.bz2   29.721633039267534   0.8251212112708313     1861.8064    799.3576     7.4428487    2.3114612   0.6894386419543903    -50.463383   17.78363090862943    0.0034586242  
  52      frame-r-002711-4-0059.fits.bz2   117.27401055486176   28.61943689065155      1217.5295    1355.5278    21.820755    16.630564   0.237855702059805     43.055332    18.0397880893923     0.004138882   
  53      frame-r-002711-2-0196.fits.bz2   136.03918221928592   42.30343815535512      1593.1156    450.2981     9.601838     4.2944717   0.5527448286463488    -4.878871    17.00739730010738    0.0017863027  
  54      frame-r-002728-3-0475.fits.bz2   9.29830220904864     -0.05850844198683109   1438.7815    707.20154    10.605137    7.780874    0.26631084539501937   9.080824     17.8971367448775     0.005493414   
  55      frame-r-002740-2-0216.fits.bz2   136.7783557561183    42.59519885081208      613.4164     361.83328    14.962209    12.466944   0.1667711632687393    60.75178     17.057606312127746   0.0032678272  
  56      frame-r-002740-6-0269.fits.bz2   144.69217512125726   48.562917444760174     1056.7502    484.2268     15.842581    3.755089    0.7629749218261848    85.7386      17.153395858378993   0.0022194295  
  57      frame-r-002740-5-0222.fits.bz2   136.730198919031     44.12145344049999      345.54407    424.63528    12.021169    9.0328865   0.24858501698129365   21.23397     17.901296487808594   0.0041881376  
  58      frame-r-002822-5-0115.fits.bz2   122.11352540443482   36.83739580524332      1893.6658    792.7844     8.017521     6.749629    0.158140153296761     -83.917656   17.225659883405527   0.0014870911  
  59      frame-r-002830-4-0204.fits.bz2   138.90236845630403   42.15698636603316      452.957      1342.7505    13.574854    8.919694    0.3429252351443338    -51.996662   18.37184598594324    0.0052931383  
  60      frame-r-002830-3-0421.fits.bz2   185.32633111106932   52.20101107629048      1144.2577    1285.563     12.964481    3.3624787   0.7406391586365856    -16.882645   17.62914012398442    0.0028502054  
  61      frame-r-002830-6-0081.fits.bz2   120.61540762047828   30.883814264544494     1882.7971    1230.6919    12.813647    3.9396539   0.6925423417704577    -70.17216    17.898504378960737   0.003335917   
  62      frame-r-002830-2-0362.fits.bz2   171.09081908742272   50.94362633455742      1161.3754    574.2097     7.6806602    3.6865404   0.5200229792746202    -59.57674    17.384924437182868   0.0021986724  
  63      frame-r-002830-4-0069.fits.bz2   119.90300396322505   28.864068462246312     755.9467     473.5579     10.527293    8.200003    0.221072026778394     0.07942456   18.82848847446564    0.0062749097  
  64      frame-r-002830-3-0210.fits.bz2   140.21058303923627   42.28883227378507      277.68024    1116.4554    4.9205275    3.3653927   0.3160504234556153    47.56881     17.123771231070165   0.0022294908  
  65      frame-r-002864-1-0067.fits.bz2   119.56949955207534   27.174784279545072     1570.1799    1327.359     17.296843    10.339672   0.40222201242157307   -58.40721    17.715090945560828   0.0034281872  
  66      frame-r-002864-5-0054.fits.bz2   116.75942673162008   26.776483795865015     438.03854    809.54596    16.443335    10.504963   0.3611415810722095    -16.54777    19.184779276414375   0.010601005   
  67      frame-r-002864-4-0203.fits.bz2   137.0681905263512    41.639271193156105     1929.3654    938.22235    13.401886    2.6415443   0.8028975697898042    31.243948    18.5747540031873     0.0062252153  
  68      frame-r-002864-3-0193.fits.bz2   135.71987446117836   40.346854253220336     1809.9285    122.29238    7.95569      3.8064165   0.5215479109920069    -2.0520196   17.907883027904845   0.0035210971  
  69      frame-r-002883-6-0173.fits.bz2   177.8443685718707    53.4442304385765       1024.0358    226.09248    17.885206    14.120563   0.2104892166184722    9.342291     16.367035305737446   0.0013745954  
  70      frame-r-002883-2-0061.fits.bz2   153.21361809361508   47.29527910921673      570.4991     1052.4257    7.0371103    6.3597617   0.09625379894926478   29.38765     17.958443827676376   0.003563733   
  71      frame-r-002887-6-0283.fits.bz2   151.89489850798742   46.09395431768194      1868.7076    442.3886     9.594977     6.980933    0.2724387979252061    -37.343456   15.341511020137943   3.9198567E-4  
  72      frame-r-002961-4-0058.fits.bz2   122.5182748016779    29.031839911998826     1360.8187    84.67291     17.373123    5.671576    0.6735430929718278    -17.458828   18.424818713481592   0.006119461   
  73      frame-r-002964-5-0132.fits.bz2   144.5160412709024    42.97434004057249      515.6522     1135.0707    15.47909     7.299516    0.5284273171097267    88.995415    15.821284923012005   5.1374006E-4  
  74      frame-r-002964-3-0327.fits.bz2   186.32048135846514   49.95776613117602      1645.6229    1303.5712    11.737866    5.8517094   0.5014673536058429    -40.44771    16.964442848561585   0.0016075909  
  75      frame-r-002964-5-0337.fits.bz2   188.60162332191717   50.58199520222641      123.47475    753.43036    17.145748    10.264325   0.40134866090414956   -58.855927   18.50176679304851    0.0070267343  
  76      frame-r-002964-2-0323.fits.bz2   185.30594415296392   49.474847637897156     1004.60254   832.7714     6.459752     5.8926177   0.08779505776692365   47.927948    16.74896169255964    0.001287067   
  77      frame-r-002964-3-0433.fits.bz2   209.8955129343706    47.14717298850091      1254.5797    551.2001     12.339231    5.952332    0.5176091605708654    -55.851288   18.030787478955833   0.004044287   
  78      frame-r-002986-1-0272.fits.bz2   159.38785974688776   5.628855565678676      1156.6757    619.1473     29.231672    6.1914325   0.7881943769757679    -56.575695   17.76489230112768    0.003397349   
  79      frame-r-002986-3-0192.fits.bz2   147.32515952623427   5.565917921522569      416.5273     571.84717    7.3434386    5.8142424   0.20823980199139946   25.879438    17.300086468683013   0.0022593602  
  80      frame-r-003015-2-0275.fits.bz2   155.40132433003728   6.025894421422954      1210.2378    1305.7657    16.344515    9.332839    0.42899260088170255   61.710133    16.037151432558648   9.659838E-4   
  81      frame-r-003059-4-0159.fits.bz2   186.45596602555347   50.096063129973025     995.0456     873.93823    19.05439     17.5247     0.080280187400384     -52.812714   17.093044995282433   0.0026097274  
  82      frame-r-003103-2-0141.fits.bz2   181.22063742669155   54.23177827874885      1256.4719    1312.0084    16.031693    9.382859    0.41473062140099615   -42.367752   16.237092610106362   0.0015840186  
  83      frame-r-003103-2-0199.fits.bz2   195.91996679055674   53.72325169936117      662.4416     954.581      12.718761    8.434861    0.33681739911615616   -39.919918   16.602870665525806   0.0013068925  
  84      frame-r-003103-2-0201.fits.bz2   196.36502694117465   53.699585195515596     828.8939     630.81226    6.2242813    3.848753    0.3816550354175028    -50.758255   17.41503222821821    0.0025300325  
  85      frame-r-003130-1-0064.fits.bz2   196.5168510807375    53.49526026846629      1042.584     495.65793    8.583739     5.3715606   0.3742166904189421    -61.395298   16.491168249628622   0.0011722229  
  86      frame-r-003130-6-0075.fits.bz2   200.08850470523575   55.233951635272255     1049.7172    1126.4374    13.421997    5.100744    0.6199713053132108    0.5073454    16.09231452465176    0.009255442   
  87      frame-r-003177-4-0117.fits.bz2   225.20092895983763   47.66323827968616      1443.8499    1109.8422    9.558445     3.3276515   0.6518626722233585    22.357092    16.140828968866405   0.0013612489  
  88      frame-r-003177-6-0086.fits.bz2   219.5932742771266    50.6962456109999       1145.3535    692.996      8.891196     7.188727    0.1914780643683932    17.020731    19.215070383210904   0.0101410635  
  89      frame-r-003177-2-0089.fits.bz2   219.1384764915534    49.00968038915397      1577.4708    1337.8976    7.133964     4.660771    0.3466786487848831    82.10843     18.586487305800684   0.0058884965  
  90      frame-r-003180-2-0063.fits.bz2   212.55799703756452   51.1136147032237       879.2946     1150.6195    17.911692    10.890754   0.39197514115361076   67.916245    16.35016088001568    0.001101534   
  91      frame-r-003184-3-0038.fits.bz2   222.944262543381     53.43800230132398      1177.7548    446.5004     5.783202     4.2447143   0.26602696914269985   29.211647    16.39921739025342    0.0015694448  
  92      frame-r-003187-2-0141.fits.bz2   245.98538389710654   36.227591954000104     1201.5735    525.18695    17.965372    7.302648    0.5935153471912522    -37.244637   16.57459059767434    0.0013514938  
  93      frame-r-003187-3-0094.fits.bz2   239.98787693091134   41.477749765643516     401.31375    710.1605     15.614576    10.287472   0.3411622576239022    -16.016127   16.590868936217642   0.0010631274  
  94      frame-r-003187-3-0098.fits.bz2   240.67732202091648   41.19714984759153      1828.3147    425.0507     17.891119    12.255728   0.31498258996544604   -22.100775   17.19557789445673    0.003340228   
  95      frame-r-003187-3-0091.fits.bz2   239.4921963102178    41.792295853654466     155.57582    381.74402    18.246155    11.31932    0.3796325856050221    83.93956     17.73546861055504    0.0038512216  
  96      frame-r-003187-1-0013.fits.bz2   225.9713475415009    48.57609154540356      1910.6685    599.58905    20.36998     5.747788    0.7178304544236176    -36.946106   17.996626873560597   0.0038653717  
  97      frame-r-003187-2-0069.fits.bz2   235.9104343572853    43.82485214099445      1646.6517    215.95735    15.084665    3.0233932   0.7995717372576719    78.14485     18.673206977650576   0.005836741   
  98      frame-r-003225-4-0239.fits.bz2   247.33332562417647   39.428991215156756     1786.0591    633.97986    15.033017    13.587354   0.09616585945455924   -30.587269   16.13560591523628    6.912695E-4   
  99      frame-r-003225-2-0230.fits.bz2   245.2709958374395    39.91731875979027      1338.3243    124.207405   16.456459    13.634089   0.1715053037837605    42.852367    17.609061987247223   0.00328356    
  100     frame-r-003225-2-0251.fits.bz2   247.7904215768568    37.42238759804718      250.3513     403.82968    6.5376463    5.2296987   0.20006398939018766   -25.557669   16.852355753702003   0.0011098462  
  101     frame-r-003225-5-0196.fits.bz2   241.90243130603122   44.44820114790277      867.23773    678.15015    5.9302597    3.0064511   0.4930321348321389    28.259708    17.528027583916497   0.0020067191  
  102     frame-r-003225-4-0114.fits.bz2   227.67432046756477   52.21380341571456      765.1396     1417.4907    6.616231     6.189294    0.06452873244601043   -44.03069    18.845292461613802   0.0073607685  
  103     frame-r-003226-5-0104.fits.bz2   247.8441170358746    39.1678767167232       1127.7916    1378.5977    14.014246    4.464175    0.6814544999424157    -41.34473    15.864635667590786   6.0554536E-4  
  104     frame-r-003358-1-0073.fits.bz2   263.08365293955546   53.546206292316235     945.2143     297.4213     20.760265    3.9002752   0.8121278702367238    -75.2847     18.2803543985659     0.0044985847  
  105     frame-r-003438-2-0137.fits.bz2   50.501347290452486   -0.8071011577835825    368.58536    355.3186     13.117795    1.9863442   0.8485763651589311    70.90628     18.909158831249126   0.0076848157  
  106     frame-r-003513-5-0069.fits.bz2   120.45292699750894   26.146320568919258     1257.7256    241.53069    6.0199647    5.2747073   0.12379763622201967   59.053734    16.90294740568479    0.0012332841  
  107     frame-r-003513-2-0061.fits.bz2   120.40354091628468   24.438918494659493     1391.9335    486.97977    7.9686565    5.0971885   0.3603453104045833    -53.72395    18.789240864986816   0.0067046164  
  108     frame-r-003530-3-0321.fits.bz2   170.58817721635083   46.43045635305223      572.6289     585.22034    10.946256    9.900838    0.09550461820004941   10.595445    15.563160558848995   7.240894E-4   
  109     frame-r-003560-6-0063.fits.bz2   117.80132987274908   22.42282897766697      992.11005    558.8612     14.3794985   9.480499    0.34069334893703007   -67.06881    16.85978368733542    0.0015105566  
  110     frame-r-003560-4-0237.fits.bz2   143.04279089950978   36.827083706603595     1594.6165    1037.181     8.727251     6.8764935   0.21206649149886958   -31.207333   16.797811417125484   0.0011819686  
  111     frame-r-003560-5-0161.fits.bz2   131.01248404181302   31.135559301507506     1341.2983    251.49059    8.626896     5.7186165   0.337117718817985     71.030136    17.14106165840149    0.0017033207  
  112     frame-r-003606-2-0033.fits.bz2   129.19404899746837   28.66555164432244      861.4313     1423.2509    7.7965593    5.9452972   0.23744603597127778   29.21984     16.566690060439086   0.001241533   
  113     frame-r-003635-6-0087.fits.bz2   123.26541406522314   24.558772976523432     497.20453    1355.1208    11.5984335   5.68954     0.5094561692318191    44.419056    18.030252669330196   0.003778884   
  114     frame-r-003635-6-0112.fits.bz2   126.58769161642786   26.70673377793748      381.8198     837.9581     6.3189716    2.8013399   0.5566778777736554    83.00552     17.386839051827618   0.0020685282  
  115     frame-r-003635-4-0070.fits.bz2   121.45542464136336   22.340131924386082     1051.5203    312.60428    6.3042655    5.558654    0.11827095480036487   -61.800133   18.51189849024744    0.0053067734  
  116     frame-r-003644-3-0156.fits.bz2   132.7502192491456    29.181684345849337     1141.2816    234.03967    18.790154    12.158139   0.3529516043349086    25.029007    17.703531544457093   0.0026941695  
  117     frame-r-003644-6-0159.fits.bz2   132.5076070375641    30.465170003188963     575.47266    779.8254     11.608296    8.904474    0.2329215243994467    61.053596    18.239588463054208   0.0055991085  
  118     frame-r-003647-1-0062.fits.bz2   146.7752971041042    34.7568189581153       1396.6439    1096.2411    6.953232     4.892484    0.29637267964020186   72.62633     16.92204418475303    0.0014176127  
  119     frame-r-003650-5-0063.fits.bz2   197.73842307733383   49.85975538038281      1286.0844    1367.2506    12.930282    10.964483   0.15203063630012092   -62.704876   17.366149182682154   0.0019616855  
  120     frame-r-003650-6-0034.fits.bz2   190.9807098778765    50.79244908984275      990.3671     878.8394     11.811521    6.180178    0.4767669633741498    -6.919082    17.4262145843055     0.0026425007  
  121     frame-r-003698-2-0080.fits.bz2   165.91069795538266   45.18019485979034      1508.8749    1303.0283    24.366179    11.721642   0.5189380329184974    44.482754    16.465622024481664   9.337831E-4   
  122     frame-r-003698-5-0110.fits.bz2   171.8979654920455    47.37956901441717      1937.5344    1373.5258    16.65172     15.026128   0.09762306836771217   32.84366     18.002769621008852   0.0036224672  
  123     frame-r-003698-2-0093.fits.bz2   168.48032414038352   45.48840536541402      536.31647    242.0908     7.7587585    2.844108    0.6334325910517772    70.81946     16.507645743057253   0.0011070226  
  124     frame-r-003698-5-0064.fits.bz2   162.05110578590873   45.59527082887864      219.11609    314.88516    10.334572    5.147381    0.5019260594439712    15.958616    16.765872050307507   0.0019298253  
  125     frame-r-003699-4-0156.fits.bz2   213.4953072099435    43.89298902954757      832.45416    340.27417    5.855953     3.8447068   0.34345326883600336   8.182007     17.426438755863416   0.0025506325  
  126     frame-r-003704-5-0060.fits.bz2   139.764739031051     33.39282147362424      709.0851     89.18809     10.272802    6.795833    0.3384635467518988    -22.11323    17.508799400771593   0.0022396063  
  127     frame-r-003704-5-0030.fits.bz2   135.2337044837948    31.14143879248831      310.1533     525.1348     7.556068     5.593783    0.259696577637999     2.8136334    18.234815691268388   0.0046225614  
  128     frame-r-003705-6-0092.fits.bz2   211.4245165485696    55.776936141491625     680.51337    67.001236    6.7783628    3.45035     0.49097590350283404   82.760635    18.141716688376928   0.001838089   
  129     frame-r-003705-6-0097.fits.bz2   212.87550695912574   55.44675959244369      778.5909     1294.6547    8.738244     6.4643188   0.2602267915613251    -54.38065    17.824274136823483   0.0040870234  
  130     frame-r-003705-1-0270.fits.bz2   242.7090807492064    38.70823058570387      1495.5354    1276.5857    7.1123466    4.3101654   0.3939882794800805    -10.852833   17.7643489237568     0.0032952381  
  131     frame-r-003705-6-0129.fits.bz2   220.16041460440027   53.4780643023249       1698.9619    163.40845    5.471606     3.6514785   0.3326495913631209    -59.901577   17.817550559702646   0.002326078   
  132     frame-r-003705-5-0129.fits.bz2   219.82599189606586   53.05928616797703      1304.5358    413.48267    12.13147     3.5042229   0.7111460606175509    16.48065     18.844363030107157   0.007128317   
  133     frame-r-003712-4-0179.fits.bz2   209.07948566682543   55.16777229469287      683.9681     618.5559     13.4529505   5.771899    0.5709566462762202    -83.17814    17.873119409461086   0.007942175   
  134     frame-r-003712-5-0184.fits.bz2   210.5868185145183    55.30942653830142      841.1978     663.777      6.812094     4.086344    0.4001339382574579    30.329632    17.58648379576185    0.0031722109  
  135     frame-r-003716-1-0036.fits.bz2   184.33438075041155   46.63526683771789      1744.403     73.56491     8.567805     5.904592    0.3108395907703315    -44.848263   16.25286255829238    4.4992022E-4  
  136     frame-r-003723-3-0175.fits.bz2   248.73710613053495   25.692670277653654     1414.3513    479.03806    20.883923    13.293215   0.3634713650304112    34.256344    17.313222461468275   0.0022291138  
  137     frame-r-003723-5-0117.fits.bz2   241.69489835756593   31.86717311692054      1043.2089    424.4482     16.320417    5.602491    0.6567188816315171    -73.25538    18.509432532438957   0.0051098713  
  138     frame-r-003813-2-0140.fits.bz2   167.103861697549     43.012924990717124     764.8898     1248.2975    13.553202    8.61458     0.36438783986249157   83.13528     15.421180045758515   8.017921E-4   
  139     frame-r-003813-2-0263.fits.bz2   192.42172850756765   44.29931031661675      1631.991     110.13602    10.145281    6.626702    0.34681927489243525   48.4992      16.972681167221836   0.0018784575  
  140     frame-r-003818-6-0277.fits.bz2   207.65743059265608   43.76410296296723      1721.0162    580.10114    8.102405     6.974004    0.13926741504528584   -17.428577   17.072757697537835   0.0014772424  
  141     frame-r-003838-1-0026.fits.bz2   197.12820171771278   50.64220714056628      468.39105    258.6119     8.79716      5.315797    0.3957371469883463    -4.4338355   16.565320366596392   0.0010861709  
  142     frame-r-003838-1-0017.fits.bz2   195.2327431939555    50.86731272317713      812.65674    1420.079     8.620029     7.3630314   0.14582289688352568   -26.20841    17.21386118050298    0.0020281267  
  143     frame-r-003894-4-0199.fits.bz2   233.67887793535684   8.334065491180803      123.09815    1021.7358    20.695353    4.130719    0.8004035495311436    -71.68804    18.42881351530778    0.0047764108  
  144     frame-r-003900-3-0739.fits.bz2   246.21001951197428   21.61394899515288      966.44794    1017.4088    14.654981    10.6265     0.27488817624533257   -11.790958   17.46458418710427    0.0018128274  
  145     frame-r-003900-3-0737.fits.bz2   245.99852058944583   21.79501081878453      1321.4445    1336.6714    13.889818    10.747004   0.22626747161121907   85.17949     17.534502930599217   0.0018916664  
  146     frame-r-003909-4-0217.fits.bz2   228.097426277945     7.496860430884212      1528.544     1063.591     13.882955    3.4195209   0.7536892614000406    36.22534     17.695027549627326   0.0023291628  
  147     frame-r-003918-5-0404.fits.bz2   256.0077007010828    24.17196510454756      1495.4877    1063.0107    11.313822    7.292462    0.3554377998876065    58.95738     17.035705504953658   0.0016752429  
  148     frame-r-003918-2-0200.fits.bz2   226.96226290194818   43.522662320403406     1344.8683    346.27078    5.241803     3.8552527   0.2645178195365221    6.0571895    17.07925129012438    0.0015457094  
  149     frame-r-003919-4-0235.fits.bz2   239.75272407320477   27.98528952307535      933.6067     1122.3478    13.356871    4.5946474   0.6560087014391319    72.32207     17.95677494851625    0.0029909748  
  150     frame-r-003926-4-0188.fits.bz2   252.30657127631434   23.077692890555465     1700.8876    1214.51      12.962192    8.6079      0.33592250446529404   -34.291737   17.063508223484728   0.0014705268  
  151     frame-r-003926-1-0114.fits.bz2   241.94122952355153   29.336769281818103     1293.8529    776.7273     10.960259    3.0959299   0.7175313192872541    -21.334053   16.57285968299336    8.0118893E-4  
  152     frame-r-003927-4-0019.fits.bz2   230.52296172954698   33.14838412233522      1710.2723    1349.485     18.160835    11.958792   0.34150648910140957   82.59975     16.32186275341508    8.151778E-4   
  153     frame-r-003927-4-0058.fits.bz2   236.38980649270712   30.14734871136784      1128.3204    1224.9606    22.640997    7.9129505   0.650503442935839     -44.799877   17.005983514781864   0.0018442906  
  154     frame-r-003958-3-0100.fits.bz2   243.90748719035534   31.321275813166757     1890.0682    100.42839    23.26054     4.951085    0.787146601067731     -32.506638   17.33422950948952    0.0019345945  
  155     frame-r-003964-4-0109.fits.bz2   228.98475596730268   43.16677382430078      117.48003    304.86255    14.446202    10.445844   0.27691416747460684   -36.481678   16.08171250335655    9.0307003E-4  
  156     frame-r-003964-5-0124.fits.bz2   232.08020591405096   42.35473531757403      1915.5449    1098.977     13.38402     3.2909353   0.7541145859016947    58.99684     18.46633870449376    0.005852762   
  157     frame-r-003972-3-0090.fits.bz2   237.277567412117     9.022691571645424      1324.3068    269.54477    8.57226      4.98344     0.4186550571261255    68.377884    18.056515426631446   0.0037422858  
  158     frame-r-003992-2-0163.fits.bz2   245.14369778296864   25.462393072241095     497.22278    1311.3369    13.470002    8.015655    0.40492547811054513   63.226025    19.523956121969587   0.01430547    
  159     frame-r-003997-2-0063.fits.bz2   243.83369892706548   26.62454632173374      447.14584    1409.514     16.723396    8.925659    0.46627712457445847   43.484722    16.07225132135308    7.219041E-4   
  160     frame-r-003997-2-0054.fits.bz2   242.6293200910141    27.499572097882908     940.8194     1083.8859    24.8036      9.072684    0.6342190649744391    80.27347     17.96466168382712    0.003531974   
  161     frame-r-004002-5-0214.fits.bz2   241.00393176497195   25.955423708505798     673.4824     225.68779    16.381273    10.174171   0.3789145080483062    -11.557399   16.065039606764255   6.1055564E-4  
  162     frame-r-004003-4-0042.fits.bz2   250.06100606169863   23.021763134299135     1179.4524    1000.0086    20.027706    17.918272   0.10532579218009275   39.614754    18.122294659747237   0.005156357   
  163     frame-r-004010-5-0186.fits.bz2   241.2498273483037    23.658351672872097     713.41766    752.2514     14.871713    7.2085905   0.5152817634390874    -57.85913    17.558997561228527   0.0024645245  
  164     frame-r-004010-4-0172.fits.bz2   238.98648233616808   24.342015257726036     525.4445     417.33694    6.6467404    4.4088874   0.3366842791092006    12.326776    18.29412471060338    0.003649654   
  165     frame-r-004136-2-0199.fits.bz2   57.120201805646225   -0.6843832685448008    1426.3604    1062.0332    5.707904     4.528597    0.20660946645213363   -9.094845    17.444507542935977   0.001890702   
  166     frame-r-004204-4-0090.fits.bz2   117.29145877305675   46.46201833703652      1330.5396    621.2039     7.856289     7.0669317   0.10047457520974601   59.899048    19.474910482825855   0.015317719   
  167     frame-r-004207-4-0059.fits.bz2   313.29331887884507   0.23247910732152977    280.1276     1276.3037    13.548344    12.751083   0.05884564194708963   -60.629826   17.239166649629826   0.0017767227  
  168     frame-r-004207-3-0218.fits.bz2   336.9887982487963    -0.11590436458241966   928.3638     312.52667    12.189322    6.275212    0.485187773364261     -42.92381    19.585738419304985   0.014600182   
  169     frame-r-004208-3-0161.fits.bz2   126.97414813877506   55.15875698811808      117.22231    1337.3342    21.759794    10.958401   0.49639224525746883   57.82515     17.028515660239744   0.002382933   
  170     frame-r-004208-3-0077.fits.bz2   116.09789523942446   44.527688040117766     1306.2052    191.14621    15.321097    10.028929   0.3454170416126209    1.1467053    16.821355804225057   0.0014800335  
  171     frame-r-004208-5-0033.fits.bz2   111.09079659281902   39.01900475609315      1117.591     69.184       8.163751     4.6129265   0.4349501228050683    8.464334     17.758982690762682   0.0029297313  
  172     frame-r-004263-2-0447.fits.bz2   49.584104732447756   -0.8246700678196661    213.48848    358.9668     13.000408    10.499121   0.19240065388717031   20.592722    16.651035967417187   0.0012720106  
  173     frame-r-004263-3-0425.fits.bz2   46.347027113444916   -0.2421534910872665    1694.1245    874.0155     14.155918    8.091045    0.4284337476382669    -84.902626   16.95502357088788    0.0028814292  
  174     frame-r-004263-4-0212.fits.bz2   14.374416687651532   0.10313682701832376    1018.60345   89.12941     12.757326    8.875811    0.30425772610968793   -27.807001   19.08555437032735    0.009430277   
  175     frame-r-004264-4-0153.fits.bz2   124.06405419917603   57.530458542319266     729.7197     795.5402     11.827035    9.154699    0.22595147473563737   49.85012     16.767852812005486   0.0013884234  
  176     frame-r-004294-3-0014.fits.bz2   111.93816164132792   42.18066410155433      1801.5763    406.8421     16.29985     6.240741    0.617128930634331     -61.90774    17.743733263073008   0.0029710839  
  177     frame-r-004335-3-0187.fits.bz2   138.253953624789     29.53814330460447      1019.2754    613.30963    15.984101    5.731316    0.6414364498822924    43.249813    17.2698256319587     0.002479164   
  178     frame-r-004335-2-0189.fits.bz2   138.79661757478618   29.25261446115455      533.3754     483.3255     14.166328    4.528658    0.6803223813538695    31.940264    17.547104197115203   0.002669697   
  179     frame-r-004469-3-0127.fits.bz2   129.50557637841123   25.32752891462056      1218.1084    375.49133    11.805246    9.088556    0.23012565769489257   -67.13093    16.09433802601198    7.0686435E-4  
  180     frame-r-004469-4-0288.fits.bz2   154.63616093081671   36.26217189866368      1207.087     283.39127    6.881242     5.1233187   0.255465990005874     56.04311     15.68599616553633    0.0010205797  
  181     frame-r-004469-2-0172.fits.bz2   136.24992290204068   28.347690458404138     943.6885     189.65543    7.315862     5.4322777   0.2574658051231693    -83.80335    16.849397189285607   0.0014502349  
  182     frame-r-004469-4-0125.fits.bz2   128.95142705402213   25.575323250502883     1728.1107    442.26297    6.042237     4.2949586   0.28917740234287403   87.06226     17.00021579227332    0.0021732766  
  183     frame-r-004469-4-0252.fits.bz2   148.48455315720824   34.31537732776713      825.4329     334.4228     12.795828    3.8494847   0.6991609530856464    46.446724    18.10677166461905    0.0045494144  
  184     frame-r-004503-3-0106.fits.bz2   206.35535662696785   3.8067081372037967     1026.6503    1343.6534    17.46167     7.672213    0.5606254728213281    85.43065     15.751543230669327   6.3767907E-4  
  185     frame-r-004508-5-0111.fits.bz2   128.6556529024003    23.573306867107828     437.96228    204.04607    4.860599     2.2758179   0.531782420232568     58.016987    16.951199817134366   0.0012751673  
  186     frame-r-004512-4-0050.fits.bz2   204.22659291663692   36.23368441183089      913.6834     1127.895     6.411723     3.0976427   0.5168782712540763    -36.894096   17.431572000301003   0.0019286707  
  187     frame-r-004518-4-0073.fits.bz2   137.9834512759923    27.89935837660557      445.59573    790.9803     10.31382     4.956932    0.519389324227105     -20.308254   17.397935978949768   0.0023092735  
  188     frame-r-004552-6-0106.fits.bz2   185.94402544970907   36.15277808355071      1040.4243    156.20868    15.899987    10.170118   0.36036941413851464   30.453175    15.700546088669196   7.545573E-4   
  189     frame-r-004570-5-0207.fits.bz2   239.5934723511622    22.904279680646255     970.36414    653.9145     4.7609315    3.3569555   0.2948952321620254    23.614084    17.109733909971272   0.0013069327  
  190     frame-r-004599-4-0103.fits.bz2   185.3197345937502    32.78222690087788      727.05597    513.03613    18.094378    3.880817    0.785523602966623     67.538605    18.525663901013747   0.0046314998  
  191     frame-r-004623-4-0231.fits.bz2   195.7569437676765    32.21077757161425      1593.43      1238.1034    21.264627    3.7860126   0.8219572532356199    -85.09726    14.960231727559943   0.002666906   
  192     frame-r-004646-1-0352.fits.bz2   246.67057496956173   14.3788005317608       1917.5374    638.735      6.765907     5.836311    0.13739414390413585   -71.9342     17.570599703692512   0.0024310367  
  193     frame-r-004649-6-0107.fits.bz2   199.06636770875141   30.264498912041027     1592.8861    448.9764     10.48093     8.865217    0.15415740778728615   -42.242657   15.924539672474964   7.856463E-4   
  194     frame-r-004649-2-0417.fits.bz2   246.75032430435584   14.46326406295752      1007.13666   586.5288     10.708512    3.9954565   0.6268896649693254    11.291487    17.590184312131605   0.002531772   
  195     frame-r-004649-6-0126.fits.bz2   202.300906516266     29.826389400366445     1087.7434    352.04968    11.926669    4.0889745   0.6571570402431727    38.598953    18.53875539265731    0.0039642346  
  196     frame-r-004670-4-0328.fits.bz2   246.89841328595932   14.198531657623436     1670.889     1207.7118    8.377253     6.4884033   0.22547363676374577   -67.76501    18.243862208052317   0.003754946   
  197     frame-r-004849-5-0806.fits.bz2   52.621268899675016   0.7520244005593586     1184.9463    667.4008     13.487455    11.779311   0.1266468729645438    84.21212     17.2965852195122     0.00189375    
  198     frame-r-005037-3-0032.fits.bz2   118.51864498093332   13.954080271900747     1456.7299    947.3759     20.242659    7.3291793   0.6379339641101498    85.0599      18.00631704829677    0.0058517326  
  199     frame-r-005037-2-0097.fits.bz2   127.63199887786023   18.20600291609932      1613.3099    866.3313     12.992998    8.892369    0.31560298862510405   64.12623     17.479298358681586   0.0019106417  
  200     frame-r-005037-4-0034.fits.bz2   118.69319842480843   14.359408237126395     90.52645     1380.2654    7.8596067    4.488458    0.42892078811017353   -21.152258   17.276224998497508   0.0015767544  
  201     frame-r-005037-4-0033.fits.bz2   118.45540949773977   14.400726263454075     1448.4155    1104.3109    9.836312     4.228075    0.5701564773463876    -67.09061    17.943698669760355   0.0027115569  
  202     frame-r-005045-5-0044.fits.bz2   118.17783869671001   14.840747680472761     412.33066    1249.3104    15.427324    13.7603655  0.10805234271348674   5.839218     16.632573543861533   0.0013858926  
  203     frame-r-005045-4-0047.fits.bz2   118.73191278353198   14.716829200778482     846.0419     846.67       11.154073    6.61042     0.4073537083718207    75.70096     17.763662320913514   0.0032441295  
  204     frame-r-005071-6-0035.fits.bz2   119.5056485853962    14.702630790909945     550.89075    798.3515     17.867601    14.041693   0.21412544414888157   -48.287544   16.999576225467898   0.002305704   
  205     frame-r-005071-5-0156.fits.bz2   137.0497797393219    22.004020618902643     1651.5972    1209.8351    14.012055    10.382066   0.25906185780743796   -68.72689    16.53250913979636    0.0011723423  
  206     frame-r-005071-3-0146.fits.bz2   135.8545110138295    20.667505759492244     1811.0685    884.3177     18.581482    11.599035   0.3757744941980409    51.120975    16.311034326549535   0.0010263507  
  207     frame-r-005087-2-0272.fits.bz2   194.37995269100261   26.512257378807853     1607.2579    295.37817    21.853872    7.2406635   0.6686782323974443    9.593414     16.93783873915068    0.001519519   
  208     frame-r-005087-4-0315.fits.bz2   201.71364591780969   26.5912537341138       903.4816     999.20514    5.91433      3.4091504   0.4235779200687144    -20.319847   15.539991869561312   3.730413E-4   
  209     frame-r-005087-4-0311.fits.bz2   201.09330666396076   26.781560097838092     1961.4595    1222.6427    16.215147    4.9455023   0.6950072484695946    24.192625    17.1500069306686     0.0015050079  
  210     frame-r-005115-6-0151.fits.bz2   195.18430022438048   28.337266168021372     1479.6423    1146.0063    10.996922    5.788293    0.47364426154882244   43.87287     15.848511280908301   5.344706E-4   
  211     frame-r-005115-5-0151.fits.bz2   195.02296668282042   27.807625161175036     393.76947    244.99963    14.718724    5.367174    0.635350591532255     5.819665     16.251713830439925   7.7222893E-4  
  212     frame-r-005115-6-0159.fits.bz2   196.47286591604953   28.11252295700903      339.8367     718.02234    16.584929    9.259809    0.4416732806031306    -21.726181   16.770327801518818   0.003557802   
  213     frame-r-005183-3-0315.fits.bz2   179.46344416579927   22.258111997703807     646.5443     416.16556    13.784788    9.545348    0.30754480953932695   21.419024    15.722718108616853   4.7091104E-4  
  214     frame-r-005183-5-0484.fits.bz2   206.83029584923867   21.833791066857057     1572.9932    563.65015    15.913616    9.639384    0.39426815376216195   -76.834915   16.493130030992056   0.0012169163  
  215     frame-r-005183-5-0463.fits.bz2   203.56063018285113   22.182779394911506     1077.1759    1408.466     9.0445       3.5570862   0.606712786776494     87.562256    16.4197042184998     0.0012125132  
  216     frame-r-005183-2-0129.fits.bz2   150.04496586868663   18.20168196145237      915.23       347.15558    13.741679    5.0759964   0.6306130859263995    32.711773    17.92261548149821    0.0037746655  
  217     frame-r-005224-3-0340.fits.bz2   206.62657612513834   23.09718805725463      824.8254     449.68744    12.79905     8.6903105   0.32101909907375925   35.361576    15.185920968222668   5.1461504E-4  
  218     frame-r-005817-3-0041.fits.bz2   32.87814220790188    14.300453026748592     538.9565     798.25903    16.707802    8.276265    0.5046466914080021    -78.11527    15.828628820678219   7.680909E-4   
  219     frame-r-006122-5-0128.fits.bz2   257.077445357665     64.57593447895698      1104.1913    443.83282    6.528834     2.9662242   0.5456732090293611    -20.357828   16.937584662132945   0.0011560706  
  220     frame-r-006573-2-0197.fits.bz2   112.46778559422555   39.891489115398834     855.14636    696.36017    17.811855    5.8787975   0.6699502943404828    20.400608    17.15638583385285    0.002052446   
  221     frame-r-006573-2-0225.fits.bz2   117.70561064471761   40.946186308274356     1303.3239    77.85456     6.7828794    3.0639427   0.5482828870582602    67.620285    18.305744144134685   0.004864152   
  222     frame-r-006574-1-0163.fits.bz2   140.949840360118     2.112811262507874      599.9933     1159.7219    15.842699    11.540084   0.27158345935878725   -58.60284    17.532175394368682   0.003033828   
  223     frame-r-006597-3-0166.fits.bz2   119.9443085794415    18.40172852361112      1317.6057    1232.4418    28.37385     6.7010584   0.7638297798853522    86.906586    16.417587917255055   0.001045594   
  224     frame-r-006597-3-0166.fits.bz2   119.93042341192952   18.46770706650637      1918.0455    1348.925     8.029898     2.4963057   0.6891236102874532    -87.41905    18.263395277034114   0.003846399   
  225     frame-r-006709-1-0036.fits.bz2   119.73827989665907   32.61224434280488      356.40585    877.4833     14.6298065   13.750517   0.0601026062784904    -60.056778   16.39515564465788    9.257485E-4   
  226     frame-r-006727-5-0071.fits.bz2   120.67463404122287   34.94462848622234      1816.1587    1417.9985    16.571453    13.993374   0.15557350342181842   -62.5793     17.393947243610615   0.0028137567  
  227     frame-r-006727-2-0036.fits.bz2   115.04288184349875   32.2062857704105       1452.3138    1101.0319    23.240889    5.310134    0.7715176041673794    -2.6237066   18.400694979068156   0.004630532   
  228     frame-r-006727-3-0059.fits.bz2   118.81305401543598   33.64214947061379      1740.1005    1125.0236    6.755396     2.6621935   0.6059159966343942    -32.706474   17.217985879184106   0.0014269996  
  229     frame-r-006728-3-0055.fits.bz2   117.30051621408393   17.56617056780028      1220.2783    1033.2278    11.444297    10.12975    0.11486480995730897   25.791504    17.230591014844986   0.0016878158  
  230     frame-r-006728-5-0093.fits.bz2   122.46516058001404   20.429370385351444     858.8425     253.70215    5.4704533    2.3731477   0.5661881072999928    -60.02689    17.03449737509014    0.0014786207  
  231     frame-r-007717-1-0583.fits.bz2   37.92988838291104    0.9043663458459713     665.8261     346.4177     14.122609    13.164093   0.06787102864633587   61.683067    17.819389257356367   0.003804099   
  232     frame-r-007845-1-0089.fits.bz2   21.846692186704434   15.553714726567534     308.3745     1109.9125    9.98055      7.6019516   0.23832337897210076   -1.3310629   17.529240316453897   0.003713417   
  233     frame-r-008062-1-0110.fits.bz2   32.064909687945864   1.195392176729121      253.18216    915.2691     15.165305    11.817249   0.22077076590282885   -80.258064   16.283956458644155   0.0010675448  
