# Index   ID                               RA                  Dec                  
  1       frame-r-000756-6-0274.fits.bz2   156.872894093013    1.24672624630132     
  2       frame-r-000756-4-0187.fits.bz2   143.809754504037    0.409142302081562    
  3       frame-r-000756-6-0555.fits.bz2   198.848673036688    1.1439127853152      
  4       frame-r-000756-3-0204.fits.bz2   146.355772780303    -0.143371261096292   
  5       frame-r-001035-3-0061.fits.bz2   14.7794877563874    14.523291115091      
  6       frame-r-001035-3-0069.fits.bz2   16.0792818000332    14.5034166945377     
  7       frame-r-001045-1-0157.fits.bz2   57.7295885929359    -7.06062763093974    
  8       frame-r-001045-2-0159.fits.bz2   57.9811031672472    -6.62952212193088    
  9       frame-r-001045-5-0133.fits.bz2   53.9428053405689    -5.87954308782684    
  10      frame-r-001239-4-0082.fits.bz2   132.57563055216     0.0594144272530122   
  11      frame-r-001331-3-0153.fits.bz2   126.435713769022    47.7842455125032     
  12      frame-r-001331-6-0129.fits.bz2   121.762736691666    45.6764015615129     
  13      frame-r-001339-4-0063.fits.bz2   259.099947154139    57.4227192339861     
  14      frame-r-001345-3-0183.fits.bz2   135.056944453847    53.9179781246206     
  15      frame-r-001350-6-0203.fits.bz2   133.370987977626    57.5985901413866     
  16      frame-r-001402-6-0097.fits.bz2   118.689638919173    46.2202788679147     
  17      frame-r-001402-5-0038.fits.bz2   112.933539614068    38.3365524038361     
  18      frame-r-001402-2-0105.fits.bz2   121.566713637652    46.2886375346341     
  19      frame-r-001462-5-0124.fits.bz2   143.999389734985    2.46282994660773     
  20      frame-r-001478-2-0081.fits.bz2   220.180645679924    3.37404135548775     
  21      frame-r-001478-3-0084.fits.bz2   220.575041325397    3.72562074028303     
  22      frame-r-001729-5-0405.fits.bz2   48.6705147211469    -6.77624133261534    
  23      frame-r-001729-1-0491.fits.bz2   61.8480392793445    -6.68643695095216    
  24      frame-r-001737-5-0031.fits.bz2   311.938554189018    -5.42101865931571    
  25      frame-r-001737-1-0045.fits.bz2   313.902443425568    -7.42821899181258    
  26      frame-r-001739-2-0234.fits.bz2   349.484832315245    13.8978093022934     
  27      frame-r-001739-1-0125.fits.bz2   332.798730549115    11.8007452777269     
  28      frame-r-001739-6-0306.fits.bz2   0.473766006733229   16.1376338612169     
  29      frame-r-001739-5-0167.fits.bz2   339.09944762355     14.3017785466114     
  30      frame-r-001739-5-0247.fits.bz2   351.382187970365    15.3699090657743     
  31      frame-r-001862-4-0114.fits.bz2   43.2970322421094    -7.53249014718345    
  32      frame-r-001889-5-0050.fits.bz2   114.190029000989    33.1227553308411     
  33      frame-r-001904-4-0217.fits.bz2   10.317385745441     15.2171404077165     
  34      frame-r-001904-5-0343.fits.bz2   29.8614908192609    14.4915819080842     
  35      frame-r-002137-2-0146.fits.bz2   122.527398285318    38.017090128813      
  36      frame-r-002141-2-0074.fits.bz2   153.664820024499    -0.830907600124732   
  37      frame-r-002190-2-0257.fits.bz2   220.456537162067    3.443754919166       
  38      frame-r-002247-3-0062.fits.bz2   169.992235225068    4.42597741439973     
  39      frame-r-002299-6-0301.fits.bz2   244.401587136502    46.0820374384601     
  40      frame-r-002299-2-0328.fits.bz2   246.230948349368    41.900265910262      
  41      frame-r-002328-5-0059.fits.bz2   250.312831485345    39.7523685937945     
  42      frame-r-002328-6-0115.fits.bz2   256.462047302532    32.9753934049242     
  43      frame-r-002328-3-0042.fits.bz2   247.245273273303    41.2552815545858     
  44      frame-r-002335-5-0038.fits.bz2   252.996900171968    40.2712203155425     
  45      frame-r-002335-6-0055.fits.bz2   255.101517607752    38.3516979574791     
  46      frame-r-002335-5-0078.fits.bz2   256.944424735914    35.1341501063717     
  47      frame-r-002507-6-0230.fits.bz2   351.593758515997    15.6762280935792     
  48      frame-r-002566-3-0210.fits.bz2   344.759676266271    13.8135152653103     
  49      frame-r-002583-6-0053.fits.bz2   310.882816322684    0.963347133208244    
  50      frame-r-002700-5-0069.fits.bz2   30.4747102398119    0.721217207685808    
  51      frame-r-002700-5-0064.fits.bz2   29.7216486114494    0.825085735733811    
  52      frame-r-002711-4-0059.fits.bz2   117.274071097312    28.6194514438395     
  53      frame-r-002711-2-0196.fits.bz2   136.039194052961    42.3034185748621     
  54      frame-r-002728-3-0475.fits.bz2   9.29834629544547    -0.0585013800956842  
  55      frame-r-002740-2-0216.fits.bz2   136.778240586556    42.5951273798001     
  56      frame-r-002740-6-0269.fits.bz2   144.69214674146     48.5627848361578     
  57      frame-r-002740-5-0222.fits.bz2   136.73006032532     44.1215051902471     
  58      frame-r-002822-5-0115.fits.bz2   122.113499654606    36.8374140397818     
  59      frame-r-002830-4-0204.fits.bz2   138.902587345771    42.1572367691993     
  60      frame-r-002830-3-0421.fits.bz2   185.326405534986    52.200999807015      
  61      frame-r-002830-6-0081.fits.bz2   120.61525437094     30.8838259553491     
  62      frame-r-002830-2-0362.fits.bz2   171.090842139547    50.9436273557427     
  63      frame-r-002830-4-0069.fits.bz2   119.90331656509     28.8638196115759     
  64      frame-r-002830-3-0210.fits.bz2   140.210583928405    42.2888300010831     
  65      frame-r-002864-1-0067.fits.bz2   119.569427420173    27.1748883603157     
  66      frame-r-002864-5-0054.fits.bz2   116.759563886115    26.7764873674339     
  67      frame-r-002864-4-0203.fits.bz2   137.068106133313    41.6392059572117     
  68      frame-r-002864-3-0193.fits.bz2   135.720010932508    40.3466846837273     
  69      frame-r-002883-6-0173.fits.bz2   177.84454471874     53.44417365315       
  70      frame-r-002883-2-0061.fits.bz2   153.213606014842    47.2949501701744     
  71      frame-r-002887-6-0283.fits.bz2   151.894853271247    46.0939775814242     
  72      frame-r-002961-4-0058.fits.bz2   122.51818811333     29.0318623152627     
  73      frame-r-002964-5-0132.fits.bz2   144.515975245842    42.9743270470651     
  74      frame-r-002964-3-0327.fits.bz2   186.320451710498    49.9577985434045     
  75      frame-r-002964-5-0337.fits.bz2   188.601703485868    50.5820208989542     
  76      frame-r-002964-2-0323.fits.bz2   185.305940308675    49.474858923555      
  77      frame-r-002964-3-0433.fits.bz2   209.895120710812    47.1476570023106     
  78      frame-r-002986-1-0272.fits.bz2   159.388073143018    5.62860612600541     
  79      frame-r-002986-3-0192.fits.bz2   147.325371339996    5.5659598425244      
  80      frame-r-003015-2-0275.fits.bz2   155.401380213399    6.02593644439611     
  81      frame-r-003059-4-0159.fits.bz2   186.455810830394    50.0959214730665     
  82      frame-r-003103-2-0141.fits.bz2   181.220627478802    54.2317577966387     
  83      frame-r-003103-2-0199.fits.bz2   195.920042897003    53.7232394369451     
  84      frame-r-003103-2-0201.fits.bz2   196.365057376557    53.6996146053009     
  85      frame-r-003130-1-0064.fits.bz2   196.516756266676    53.4953301938037     
  86      frame-r-003130-6-0075.fits.bz2   200.088413555928    55.2339771551675     
  87      frame-r-003177-4-0117.fits.bz2   225.200953243257    47.6632277538777     
  88      frame-r-003177-6-0086.fits.bz2   219.593274604265    50.6962470167176     
  89      frame-r-003177-2-0089.fits.bz2   219.138778368429    49.0097721992062     
  90      frame-r-003180-2-0063.fits.bz2   212.557946799844    51.1136354303632     
  91      frame-r-003184-3-0038.fits.bz2   222.944256465135    53.4379915595562     
  92      frame-r-003187-2-0141.fits.bz2   245.985365371108    36.2275964000488     
  93      frame-r-003187-3-0094.fits.bz2   239.987952614073    41.4777902883578     
  94      frame-r-003187-3-0098.fits.bz2   240.677405309938    41.1972861203285     
  95      frame-r-003187-3-0091.fits.bz2   239.491856210833    41.7926013032093     
  96      frame-r-003187-1-0013.fits.bz2   225.971418787807    48.5761056081502     
  97      frame-r-003187-2-0069.fits.bz2   235.910615071735    43.8248200989179     
  98      frame-r-003225-4-0239.fits.bz2   247.333316601429    39.4289977860626     
  99      frame-r-003225-2-0230.fits.bz2   245.270860749519    39.9173937200665     
  100     frame-r-003225-2-0251.fits.bz2   247.79042075243     37.4223943563926     
  101     frame-r-003225-5-0196.fits.bz2   241.90242082978     44.4481945587996     
  102     frame-r-003225-4-0114.fits.bz2   227.67423611255     52.2139026389936     
  103     frame-r-003226-5-0104.fits.bz2   247.844089700294    39.1678256412386     
  104     frame-r-003358-1-0073.fits.bz2   263.083737509649    53.5462308873274     
  105     frame-r-003438-2-0137.fits.bz2   50.5014227766791    -0.807087160570055   
  106     frame-r-003513-5-0069.fits.bz2   120.453032671831    26.1464515532076     
  107     frame-r-003513-2-0061.fits.bz2   120.403480004286    24.4388846062421     
  108     frame-r-003530-3-0321.fits.bz2   170.588135391455    46.4305147741243     
  109     frame-r-003560-6-0063.fits.bz2   117.801286872021    22.4229059751251     
  110     frame-r-003560-4-0237.fits.bz2   143.042749209385    36.8271377552218     
  111     frame-r-003560-5-0161.fits.bz2   131.012525276528    31.1355599163432     
  112     frame-r-003606-2-0033.fits.bz2   129.194024880135    28.6655627180195     
  113     frame-r-003635-6-0087.fits.bz2   123.265335643664    24.5583550342799     
  114     frame-r-003635-6-0112.fits.bz2   126.587702969446    26.7067659262596     
  115     frame-r-003635-4-0070.fits.bz2   121.455408215666    22.3401306665901     
  116     frame-r-003644-3-0156.fits.bz2   132.750243623972    29.1818917610494     
  117     frame-r-003644-6-0159.fits.bz2   132.507683901174    30.4651249596826     
  118     frame-r-003647-1-0062.fits.bz2   146.775292043129    34.7568021959229     
  119     frame-r-003650-5-0063.fits.bz2   197.738389879178    49.8597552285075     
  120     frame-r-003650-6-0034.fits.bz2   190.980739186027    50.7925163801128     
  121     frame-r-003698-2-0080.fits.bz2   165.910120116427    45.1799644559423     
  122     frame-r-003698-5-0110.fits.bz2   171.897955083859    47.3794589743194     
  123     frame-r-003698-2-0093.fits.bz2   168.480318554702    45.4883951436956     
  124     frame-r-003698-5-0064.fits.bz2   162.051206189888    45.5953300878829     
  125     frame-r-003699-4-0156.fits.bz2   213.495323010202    43.8929916887574     
  126     frame-r-003704-5-0060.fits.bz2   139.764707501394    33.3927969040688     
  127     frame-r-003704-5-0030.fits.bz2   135.233738980726    31.1414318805705     
  128     frame-r-003705-6-0092.fits.bz2   211.424508521516    55.7769141614263     
  129     frame-r-003705-6-0097.fits.bz2   212.875559660378    55.4467872924245     
  130     frame-r-003705-1-0270.fits.bz2   242.709040466094    38.7081883076947     
  131     frame-r-003705-6-0129.fits.bz2   220.16040850614     53.4780544694594     
  132     frame-r-003705-5-0129.fits.bz2   219.825994614283    53.059307483364      
  133     frame-r-003712-4-0179.fits.bz2   209.079844618532    55.167756519005      
  134     frame-r-003712-5-0184.fits.bz2   210.586810118522    55.3094131773764     
  135     frame-r-003716-1-0036.fits.bz2   184.334373509076    46.6352727161394     
  136     frame-r-003723-3-0175.fits.bz2   248.737041015123    25.6925861617437     
  137     frame-r-003723-5-0117.fits.bz2   241.69512740921     31.8670307357345     
  138     frame-r-003813-2-0140.fits.bz2   167.103845448457    43.0129650209471     
  139     frame-r-003813-2-0263.fits.bz2   192.421747279754    44.2993275935649     
  140     frame-r-003818-6-0277.fits.bz2   207.657410246396    43.7641074514502     
  141     frame-r-003838-1-0026.fits.bz2   197.128276401962    50.6422387366402     
  142     frame-r-003838-1-0017.fits.bz2   195.232756306818    50.8673595645169     
  143     frame-r-003894-4-0199.fits.bz2   233.67876811908     8.33412078223029     
  144     frame-r-003900-3-0739.fits.bz2   246.209989913046    21.6138807783813     
  145     frame-r-003900-3-0737.fits.bz2   245.998420906643    21.7950286185939     
  146     frame-r-003909-4-0217.fits.bz2   228.097452950669    7.49687040841754     
  147     frame-r-003918-5-0404.fits.bz2   256.007696685465    24.1719691766959     
  148     frame-r-003918-2-0200.fits.bz2   226.962258226645    43.5227028574213     
  149     frame-r-003919-4-0235.fits.bz2   239.752716234084    27.9853893106988     
  150     frame-r-003926-4-0188.fits.bz2   252.306531709965    23.0777548339003     
  151     frame-r-003926-1-0114.fits.bz2   241.941227937776    29.3367765188471     
  152     frame-r-003927-4-0019.fits.bz2   230.522469921599    33.1485959691459     
  153     frame-r-003927-4-0058.fits.bz2   236.389723031193    30.1474228576586     
  154     frame-r-003958-3-0100.fits.bz2   243.907386713859    31.3213208080307     
  155     frame-r-003964-4-0109.fits.bz2   228.984613442069    43.1667851663394     
  156     frame-r-003964-5-0124.fits.bz2   232.080201786571    42.354797816218      
  157     frame-r-003972-3-0090.fits.bz2   237.277553309871    9.02275517223568     
  158     frame-r-003992-2-0163.fits.bz2   245.143365909644    25.4623633089405     
  159     frame-r-003997-2-0063.fits.bz2   243.833724983168    26.6245585608905     
  160     frame-r-003997-2-0054.fits.bz2   242.629686373128    27.4997225909373     
  161     frame-r-004002-5-0214.fits.bz2   241.003899018688    25.9554076296948     
  162     frame-r-004003-4-0042.fits.bz2   250.061031478672    23.0217592816259     
  163     frame-r-004010-5-0186.fits.bz2   241.249836834488    23.6583887115147     
  164     frame-r-004010-4-0172.fits.bz2   238.986482514143    24.3420278559526     
  165     frame-r-004136-2-0199.fits.bz2   57.1202139066421    -0.684401570767491   
  166     frame-r-004204-4-0090.fits.bz2   117.291496023005    46.4618931537308     
  167     frame-r-004207-4-0059.fits.bz2   313.293262200781    0.232445935827551    
  168     frame-r-004207-3-0218.fits.bz2   336.988891273528    -0.115842874739613   
  169     frame-r-004208-3-0161.fits.bz2   126.97385876545     55.1586107983987     
  170     frame-r-004208-3-0077.fits.bz2   116.097933792156    44.5277374008552     
  171     frame-r-004208-5-0033.fits.bz2   111.090766490412    39.0190150406711     
  172     frame-r-004263-2-0447.fits.bz2   49.5841689444486    -0.824656042588543   
  173     frame-r-004263-3-0425.fits.bz2   46.3469941379546    -0.242105864028208   
  174     frame-r-004263-4-0212.fits.bz2   14.3741791777994    0.102956917449805    
  175     frame-r-004264-4-0153.fits.bz2   124.064059195914    57.5305400683112     
  176     frame-r-004294-3-0014.fits.bz2   111.938059288815    42.1806886716807     
  177     frame-r-004335-3-0187.fits.bz2   138.254030945151    29.538319726235      
  178     frame-r-004335-2-0189.fits.bz2   138.796557015872    29.2523000445091     
  179     frame-r-004469-3-0127.fits.bz2   129.505658957253    25.3275076243462     
  180     frame-r-004469-4-0288.fits.bz2   154.636162292226    36.2621500467305     
  181     frame-r-004469-2-0172.fits.bz2   136.249898280163    28.3477281618553     
  182     frame-r-004469-4-0125.fits.bz2   128.951382831697    25.5753128626604     
  183     frame-r-004469-4-0252.fits.bz2   148.484497644195    34.3153468810798     
  184     frame-r-004503-3-0106.fits.bz2   206.355447604238    3.80665305103169     
  185     frame-r-004508-5-0111.fits.bz2   128.655639982725    23.5732984280408     
  186     frame-r-004512-4-0050.fits.bz2   204.226602305683    36.2336725950892     
  187     frame-r-004518-4-0073.fits.bz2   137.983494406236    27.8992897738452     
  188     frame-r-004552-6-0106.fits.bz2   185.944061425656    36.1527969116432     
  189     frame-r-004570-5-0207.fits.bz2   239.593470079554    22.9042904474353     
  190     frame-r-004599-4-0103.fits.bz2   185.31958681493     32.7820736499982     
  191     frame-r-004623-4-0231.fits.bz2   195.757111639706    32.2107161466077     
  192     frame-r-004646-1-0352.fits.bz2   246.670547965337    14.3787900667187     
  193     frame-r-004649-6-0107.fits.bz2   199.066470150286    30.2645206954029     
  194     frame-r-004649-2-0417.fits.bz2   246.750309705205    14.4633753736948     
  195     frame-r-004649-6-0126.fits.bz2   202.30101967882     29.8263669242727     
  196     frame-r-004670-4-0328.fits.bz2   246.898378156131    14.1985808559572     
  197     frame-r-004849-5-0806.fits.bz2   52.6213617328216    0.752043450123543    
  198     frame-r-005037-3-0032.fits.bz2   118.518697281332    13.9541029777895     
  199     frame-r-005037-2-0097.fits.bz2   127.631996700465    18.206101245179      
  200     frame-r-005037-4-0034.fits.bz2   118.693206784515    14.359415734883      
  201     frame-r-005037-4-0033.fits.bz2   118.455423478169    14.4007320688756     
  202     frame-r-005045-5-0044.fits.bz2   118.177787059528    14.8406766209475     
  203     frame-r-005045-4-0047.fits.bz2   118.731898938751    14.7167604403314     
  204     frame-r-005071-6-0035.fits.bz2   119.505580878855    14.7026275784402     
  205     frame-r-005071-5-0156.fits.bz2   137.049764200289    22.0040398989519     
  206     frame-r-005071-3-0146.fits.bz2   135.854476553682    20.6674016141216     
  207     frame-r-005087-2-0272.fits.bz2   194.3800244806      26.5121535897789     
  208     frame-r-005087-4-0315.fits.bz2   201.713658825119    26.5912516498655     
  209     frame-r-005087-4-0311.fits.bz2   201.093345819707    26.7815594569902     
  210     frame-r-005115-6-0151.fits.bz2   195.184284096314    28.3372650758403     
  211     frame-r-005115-5-0151.fits.bz2   195.022925114932    27.8075946752714     
  212     frame-r-005115-6-0159.fits.bz2   196.472870576127    28.1124369825281     
  213     frame-r-005183-3-0315.fits.bz2   179.463443500321    22.2581073671782     
  214     frame-r-005183-5-0484.fits.bz2   206.83025657573     21.8338292535838     
  215     frame-r-005183-5-0463.fits.bz2   203.560621954608    22.1827632919586     
  216     frame-r-005183-2-0129.fits.bz2   150.044902587686    18.2016596397769     
  217     frame-r-005224-3-0340.fits.bz2   206.626560179932    23.0971921766603     
  218     frame-r-005817-3-0041.fits.bz2   32.8782236099828    14.3004570524704     
  219     frame-r-006122-5-0128.fits.bz2   257.077453063667    64.5759221630886     
  220     frame-r-006573-2-0197.fits.bz2   112.467720523493    39.8914989068027     
  221     frame-r-006573-2-0225.fits.bz2   117.705776842989    40.9462447625273     
  222     frame-r-006574-1-0163.fits.bz2   140.950095769382    2.1127346656277      
  223     frame-r-006597-3-0166.fits.bz2   119.9442321292      18.4017798718357     
  224     frame-r-006597-3-0166.fits.bz2   119.93035256827     18.4677110868772     
  225     frame-r-006709-1-0036.fits.bz2   119.738315225659    32.6122527995888     
  226     frame-r-006727-5-0071.fits.bz2   120.674560567523    34.9446462276233     
  227     frame-r-006727-2-0036.fits.bz2   115.042851765543    32.2064381335853     
  228     frame-r-006727-3-0059.fits.bz2   118.813057061715    33.6421483119521     
  229     frame-r-006728-3-0055.fits.bz2   117.300539951708    17.5661580690791     
  230     frame-r-006728-5-0093.fits.bz2   122.465156989705    20.4293581492274     
  231     frame-r-007717-1-0583.fits.bz2   37.9299384426365    0.904416986924277    
  232     frame-r-007845-1-0089.fits.bz2   21.8466514471029    15.5537410296081     
  233     frame-r-008062-1-0110.fits.bz2   32.0648901587842    1.195447310671       
